              precision    recall  f1-score   support

    airplane     0.8192    0.8380    0.8285      1000
  automobile     0.8881    0.9210    0.9043      1000
        bird     0.7869    0.6980    0.7398      1000
         cat     0.7620    0.5860    0.6625      1000
        deer     0.7915    0.7630    0.7770      1000
         dog     0.8264    0.6570    0.7320      1000
        frog     0.6874    0.9300    0.7905      1000
       horse     0.8350    0.8500    0.8424      1000
        ship     0.8996    0.8780    0.8887      1000
       truck     0.7666    0.9030    0.8292      1000

    accuracy                         0.8024     10000
   macro avg     0.8063    0.8024    0.7995     10000
weighted avg     0.8063    0.8024    0.7995     10000
