              precision    recall  f1-score   support

    airplane     0.7712    0.7720    0.7716      1000
  automobile     0.8767    0.8460    0.8611      1000
        bird     0.6444    0.6470    0.6457      1000
         cat     0.6161    0.5040    0.5545      1000
        deer     0.6854    0.7210    0.7027      1000
         dog     0.6633    0.6540    0.6586      1000
        frog     0.7924    0.8360    0.8136      1000
       horse     0.7694    0.8240    0.7958      1000
        ship     0.8306    0.8630    0.8465      1000
       truck     0.8176    0.8250    0.8213      1000

    accuracy                         0.7492     10000
   macro avg     0.7467    0.7492    0.7471     10000
weighted avg     0.7467    0.7492    0.7471     10000
