              precision    recall  f1-score   support

    airplane     0.5823    0.4210    0.4887      1000
  automobile     0.5866    0.5520    0.5688      1000
        bird     0.3709    0.1680    0.2312      1000
         cat     0.2813    0.3640    0.3173      1000
        deer     0.3696    0.3840    0.3767      1000
         dog     0.4550    0.2480    0.3210      1000
        frog     0.3846    0.6480    0.4827      1000
       horse     0.5094    0.4900    0.4995      1000
        ship     0.5026    0.6790    0.5776      1000
       truck     0.5055    0.5090    0.5072      1000

    accuracy                         0.4463     10000
   macro avg     0.4548    0.4463    0.4371     10000
weighted avg     0.4548    0.4463    0.4371     10000
